# ca-AstroPh 17903 197031 50
0 8832
0 15873
0 12075
0 516
0 9158
0 7714
0 8843
0 13579
0 15116
0 3938
0 14059
0 1002
0 3987
0 3668
0 17045
0 6359
0 14603
0 8347
0 13433
0 10141
0 12575
0 354
0 13427
0 15208
0 5541
0 7121
0 2408
0 15337
0 5034
0 3755
0 1068
0 8302
0 10801
0 7430
0 7795
0 12532
0 6262
0 11575
0 10105
0 6979
0 11707
0 14973
0 11006
1 10530
1 6483
1 341
1 14727
1 14458
1 15751
1 8013
1 14
1 2125
2 16824
2 704
2 162
2 2621
2 1487
3 1601
3 2242
3 12100
3 13189
3 13769
3 14989
3 6734
3 14965
3 14482
3 1586
3 2137
3 16861
3 3489
3 14563
3 1062
3 14316
3 15661
3 13405
3 4722
3 10099
3 17461
3 5705
3 14841
3 9788
3 14525
3 17726
3 16565
4 15441
4 16690
4 11059
4 12100
4 10070
4 4363
4 15438
5 14677
5 17283
5 7300
5 9702
5 16428
5 10539
5 10508
5 8461
5 16430
5 3791
5 8664
5 11346
5 2227
5 11796
5 13461
5 1708
5 7480
5 13850
5 1724
5 6142
5 17077
6 5505
6 13910
6 5254
6 2441
6 7050
6 11021
6 15247
6 5139
6 86
6 14366
6 10399
6 7499
6 11170
6 9763
6 7332
6 3237
6 8231
6 8746
6 5804
6 5422
6 6834
6 9268
6 7478
6 1719
6 8372
6 8505
6 6074
6 571
6 11836
6 9917
6 8257
6 15939
6 11205
6 1096
6 5322
6 4151
6 2509
6 78
6 9976
6 16594
6 17491
6 14166
6 15566
6 11606
6 8281
6 13786
6 4188
6 5725
6 12005
6 16992
6 16609
6 15074
6 14308
6 3301
6 1769
6 17518
6 17009
6 6514
6 7798
6 16120
6 14457
6 5290
7 13936
7 14347
7 10902
7 2599
7 17431
7 14375
7 15949
7 16432
7 10838
7 5079
7 3576
7 14747
8 8833
8 514
8 15748
8 2822
8 907
8 7426
8 16270
8 16527
8 12950
8 3227
8 16670
8 1696
8 1956
8 426
8 8050
8 3246
8 14383
8 6322
8 16564
8 10037
8 16438
8 9400
8 5562
8 16828
8 12607
8 17856
8 3781
8 16454
8 10465
8 16073
8 7096
8 2647
8 8024
8 4388
8 3802
8 13019
8 17889
8 3426
8 12257
8 2024
8 8426
8 17006
8 8817
8 16754
8 9205
8 8823
8 15739
8 639
9 4830
10 10148
10 14310
11 13410
12 17664
12 13057
12 5891
12 8200
12 13321
12 10506
12 11095
12 12
12 11533
12 301
12 8536
12 17172
12 7701
12 15638
12 17284
12 10266
12 13595
12 11074
12 11807
12 14624
12 9506
12 40
12 9687
12 11058
12 1327
12 15920
12 3848
12 13874
12 7476
12 11063
12 17209
12 12347
12 829
12 10814
12 7487
12 14146
12 17220
12 5702
12 10064
12 10833
12 15954
12 14164
12 12601
12 9304
12 8537
12 858
12 2910
12 13285
12 16102
12 1674
12 7016
12 13417
12 11115
12 13165
12 5231
12 13681
12 10867
12 17524
12 11637
12 17526
12 5496
12 11641
12 3707
12 6014
12 895
12 7872
12 13444
12 6021
12 3718
12 1928
12 14217
12 16266
12 2957
12 14222
12 7311
12 2451
12 5780
12 14742
12 12783
12 2203
12 14749
12 158
12 17315
12 10097
12 11880
12 170
12 6592
12 2733
12 5295
12 3005
12 4529
12 9843
12 9655
12 187
12 11722
12 885
12 9152
12 1730
12 10696
12 6600
12 9930
12 11088
12 4386
12 11985
12 467
12 7380
12 11991
12 7640
12 12763
12 881
12 3294
12 12257
12 7023
12 4325
12 14054
12 10065
12 9705
12 5099
12 7661
12 13550
12 9199
12 2288
12 12786
12 15486
12 17577
12 13304
12 15867
12 9981
12 8190
12 10239
13 11915
13 3717
13 8903
13 12618
13 1175
13 4049
13 13266
13 15701
13 13014
13 7383
13 17764
13 16028
13 10461
13 13343
13 7968
13 13153
13 8290
13 8164
13 6959
13 12912
13 7794
13 1145
13 9465
13 2298
13 14431
13 4540
13 5054
13 8703
14 2125
14 341
14 14727
15 4096
15 5312
15 11522
15 3013
15 14471
15 7240
15 12595
15 7051
15 17869
15 5582
15 2125
15 16784
15 849
15 17299
15 13314
15 9943
15 4313
15 13263
15 17331
15 13214
15 14882
15 2459
15 804
15 15141
15 10790
15 10343
15 14828
15 1454
15 15389
15 11763
15 15614
15 11511
15 14776
15 14652
15 6718
15 15615
16 1201
16 4997
17 4640
17 17169
17 7891
17 15142
17 11033
17 15993
17 16983
17 16843
17 4604
17 11831
18 16336
19 15020
19 4371
19 14444
19 17807
19 3423
20 4096
20 6017
20 15560
20 7555
20 5126
20 1857
20 2698
20 16523
20 3079
20 1041
20 17347
20 13844
20 6933
20 9237
20 6426
20 1436
20 1109
20 544
20 10273
20 15010
20 5540
20 8774
20 8234
20 2944
20 16300
20 2674
20 10272
20 2351
20 2993
20 7218
20 16417
20 11081
20 17080
20 8123
20 575
20 3075
20 3265
20 15042
20 17475
20 12868
20 17349
20 6982
20 8545
20 8136
20 13897
20 3532
20 10274
20 11214
20 14797
20 5969
20 11843
20 13651
20 7713
20 11863
20 14936
20 12891
20 9436
20 9437
20 16222
20 6751
20 8801
20 226
20 13797
20 7850
20 4968
20 2025
20 9835
20 621
20 9423
20 14205
20 8944
20 5490
20 4979
20 629
20 16887
20 7289
20 17402
20 13565
20 14206
20 7039
21 17816
21 12145
21 11606
22 14178
22 4491
22 12652
22 13474
22 9102
23 16741
23 15073
23 2106
23 7092
23 485
23 6711
23 11978
23 4109
23 11994
23 11717
24 1824
24 14732
24 9782
25 465
25 17157
25 6231
25 13224
25 11143
25 12837
25 3941
26 224
26 14769
26 6124
26 9125
26 7217
26 3145
26 17516
26 12077
26 9045
27 13121
27 17538
27 8630
27 10625
27 11059
27 11500
27 11019
27 10198
27 12857
27 12057
27 14017
27 16861
27 5408
27 11105
27 4515
27 9957
27 17256
27 16619
27 10476
27 4909
27 17139
27 4532
27 2934
27 11017
27 14068
27 4990
28 6195
28 10498
28 17795
28 8870
28 10790
28 17633
28 7016
28 9644
28 4525
28 5135
28 9091
28 11956
28 10296
28 1401
28 11295
28 11804
28 1598
28 11359
29 898
29 15239
29 3400
29 16329
29 9610
29 9291
29 10892
29 1678
29 6608
29 849
29 12345
29 4201
29 4184
29 862
29 2100
29 7974
29 5480
29 4457
29 6708
29 4277
29 823
29 16180
30 523
30 14910
30 13367
31 17329
31 6979
31 2030
31 3795
31 1960
31 2190
31 13083
31 12603
31 17772
31 8302
31 16446
32 12544
32 3968
32 3674
32 2056
32 11977
32 8535
32 13071
32 6416
32 17428
32 14870
32 11993
32 9011
32 5403
32 12317
32 9502
32 5765
32 10016
32 12834
32 1571
32 16935
32 12073
32 3115
32 7981
32 11055
32 6963
32 11063
32 5432
32 7993
32 14139
32 10304
32 65
32 5722
32 11459
32 17479
32 73
32 75
32 3702
32 8526
32 12088
32 5714
32 9059
32 8277
32 3158
32 17721
32 9049
32 15194
32 16101
32 14651
32 11460
32 10085
32 10087
32 13417
32 17554
32 7534
32 5744
32 3699
32 17526
32 13943
32 3707
32 9600
32 10113
32 5764
32 9605
32 14785
32 17547
32 12176
32 9617
32 8082
32 11923
32 3477
32 13977
32 10138
32 13983
32 17478
32 5286
32 11943
32 4522
32 5703
32 12717
32 9647
32 12465
32 3762
32 8116
32 9289
32 2743
32 12728
32 9913
32 5306
32 3003
32 11722
32 8190
32 10177
32 1475
32 5316
32 11209
32 8390
32 15559
32 17608
32 9673
32 202
32 3789
32 11811
32 3796
32 12761
32 16858
32 11483
32 14044
32 5603
32 7141
32 15083
32 5702
32 14336
32 16879
32 12272
32 3017
32 5715
32 13566
32 2038
32 13444
32 11512
32 13050
32 8445
32 6398
32 11775
33 9107
33 9667
33 863
34 3824
34 11992
34 6553
35 15425
35 6730
35 725
36 6306
36 11372
36 9581
36 6050
37 12265
37 3786
37 11317
37 9975
38 13889
38 17795
38 3457
38 776
38 11081
38 14093
38 4525
38 14480
38 4370
38 981
38 12374
38 5135
38 17055
38 1568
38 16226
38 5923
38 9031
38 12525
38 4851
38 14324
38 3896
38 16884
38 11391
39 14208
39 16002
39 14852
39 449
39 2696
39 7948
39 10511
39 6929
39 3986
39 3475
39 4756
39 1178
39 1691
39 12957
39 12400
39 15909
39 2982
39 12071
39 6970
39 6572
39 8367
39 8624
39 2870
39 6839
39 13625
39 10170
39 14657
39 1475
39 7880
39 9996
39 4471
39 6682
39 5965
39 13391
39 8273
39 7123
39 6230
39 10199
39 9177
39 8666
39 3803
39 9565
39 2021
39 13536
39 14690
39 8301
39 9701
39 6161
39 4328
39 9578
39 17773
39 11631
39 11888
39 1009
39 10739
39 10878
39 8695
39 10104
39 11770
39 10474
39 5579
39 10751
40 9152
40 17284
40 6021
40 3718
40 8200
40 14217
40 10506
40 2957
40 14222
40 9304
40 13874
40 5780
40 14164
40 13444
40 10266
40 11074
40 11807
40 9506
40 17315
40 17577
40 3848
40 2733
40 5295
40 4529
40 11058
40 11063
40 17209
40 187
40 12601
40 2451
40 7872
40 1730
40 17220
40 5702
40 8190
40 9930
40 9655
40 10064
40 11985
40 15954
40 467
40 7380
40 11991
40 7640
40 8537
40 12763
40 2910
40 8536
40 12257
40 13285
40 10065
40 11880
40 13417
40 11115
40 13550
40 3005
40 10097
40 12786
40 10867
40 17524
40 11637
40 17526
40 9705
40 13304
40 11641
40 3707
40 14146
40 6014
41 12753
41 13122
41 4073
41 8828
41 6650
41 14635
41 8620
41 5378
41 4909
42 4352
42 15491
42 2710
42 11863
42 13580
42 17421
42 16022
42 8081
42 14996
42 16150
42 15127
42 15897
42 13469
42 5790
42 16453
42 4129
42 16162
42 7460
42 11173
42 6952
42 9425
42 10818
42 12333
42 1454
42 2609
42 6066
42 11486
42 1078
42 1079
42 10808
42 3641
42 5562
42 8799
42 6716
42 11970
42 6597
42 6857
42 8695
42 5538
42 11470
42 8653
42 3537
42 7250
42 1107
42 14311
42 2520
42 6265
42 5083
42 13276
42 8310
42 3166
42 9765
42 480
42 2785
42 3555
42 3815
42 9832
42 10215
42 8415
42 14832
42 13937
42 11890
42 16409
42 6526
42 7286
42 11383
42 14584
42 6777
42 15463
42 17020
42 2045
42 6270
42 11391
43 8336
43 5771
43 46
43 13591
44 17056
44 16097
44 9765
44 1927
44 7752
44 874
44 5805
44 12368
44 9427
44 4212
44 16150
44 11863
44 8314
44 5802
44 15136
45 13058
45 8134
45 1031
45 1032
45 6281
45 16971
45 10636
45 16689
45 4269
45 9555
45 16596
45 10709
45 16151